1;1493567078951296;1493567086463706;1
2;1493567092319819;1493567099703688;1
3;1493567104918071;1493567112430440;1
4;1493567118620598;1493567125743590;0
5;1493567128926376;1493567136297233;1
6;1493567142800881;1493567148370476;0
7;1493567152302052;1493567158391313;1
8;1493567164204013;1493567169881392;0
9;1493567174077774;1493567180523042;0
10;1493567187473985;1493567194019954;1
11;1493567199574020;1493567204292500;0
12;1493567210170210;1493567215126943;1
13;1493567220168199;1493567225419910;1
14;1493567229160956;1493567234881470;0
15;1493567239521826;1493567244364890;1
16;1493567247629118;1493567251840952;0
17;1493567254828950;1493567259516585;0
18;1493567264200089;1493567269429712;0
19;1493567273183718;1493567278108549;0
20;1493567281743408;1493567286892394;0
21;1493567289505288;1493567295707624;1
22;1493567297831634;1493567303396324;1
23;1493567305896661;1493567311735510;0
24;1493567315693598;1493567320571436;1
25;1493567322815328;1493567328650666;1
26;1493567332625827;1493567337280638;1
27;1493567339925722;1493567345983789;0
28;1493567350201801;1493567356129813;1
29;1493567359074955;1493567363973370;1
30;1493567367528913;1493567372522853;0
31;1493567376174929;1493567381541425;1
32;1493567385099727;1493567389997990;1
33;1493567392940091;1493567399116140;0
34;1493567401922815;1493567407208209;0
35;1493567409315555;1493567413902688;1
36;1493567416098991;1493567420424364;0
37;1493567424380634;1493567430347911;1
38;1493567433996362;1493567438939000;1
39;1493567440881744;1493567445738488;1
40;1493567449077152;1493567452957970;1
41;1493567455931863;1493567460391954;0
42;1493567465018997;1493567470613222;1
43;1493567473669398;1493567478101718;0
44;1493567481989817;1493567487340439;1
45;1493567489639776;1493567494375567;0
46;1493567497776832;1493567502239900;0
47;1493567506119324;1493567510988071;0
48;1493567514149492;1493567519792381;0
49;1493567522664883;1493567528048965;1
50;1493567532563598;1493567537381556;0
51;1493567540858468;1493567548319690;0
52;1493567568401342;1493567576222553;1
53;1493567587868446;1493567595948583;1
54;1493567599615510;1493567603503467;1
55;1493567605035902;1493567607883209;1
56;1493567610264184;1493567613685534;1
57;1493567616563301;1493567621083181;1
58;1493567623220524;1493567627003783;1
59;1493567629295242;1493567633634383;0
60;1493567642033923;1493567647258941;1
61;1493567651466936;1493567655758750;0
62;1493567658333711;1493567662524414;0
63;1493567665741274;1493567670762715;0
64;1493567675919201;1493567680513483;1
65;1493567683724630;1493567688466512;1
66;1493567692911965;1493567698157342;0
67;1493567701031254;1493567704039194;1
68;1493567707219027;1493567711628876;0
69;1493567715778649;1493567720786980;0
70;1493567726340673;1493567730859712;0
71;1493567733636524;1493567738560184;1
72;1493567740851148;1493567746218012;0
73;1493567750027752;1493567754822897;0
74;1493567758487813;1493567763208863;0
75;1493567766652150;1493567771641666;1
76;1493567774522735;1493567778193653;1
77;1493567781217327;1493567786109865;1
78;1493567788361673;1493567792079146;0
79;1493567794353039;1493567797851409;1
80;1493567800159978;1493567804716051;0
81;1493567811371460;1493567815796369;0
82;1493567819485252;1493567824510609;0
83;1493567827815175;1493567832134930;1
84;1493567834636054;1493567838765704;0
85;1493567841943525;1493567846226932;0
86;1493567848887004;1493567854075606;1
87;1493567856518056;1493567860903016;1
88;1493567863419733;1493567867340675;0
89;1493567869880006;1493567874522698;1
90;1493567878069179;1493567883323522;0
91;1493567886806753;1493567890925082;1
92;1493567893228896;1493567897284987;1
93;1493567899287805;1493567903812370;0
94;1493567906451125;1493567910536888;1
95;1493567913002627;1493567916944574;1
96;1493567919958509;1493567924640988;1
97;1493567928133687;1493567931486900;1
98;1493567934537824;1493567938638426;1
99;1493567941856159;1493567946791141;0
100;1493567949259546;1493567954219170;1
